{
  "advancedEditorSelectedIdentifier" : "ShaderGraphEditorPluginID",
  "openSceneRelativePaths" : [
    "christmas_eve.usda",
    "christmas_tree.usdc",
    "present_square_red_1.usdc",
    "present_round_white_1.usdc"
  ],
  "recentIdentifiers" : {
    "0A984071-0FA9-413D-9879-793047519C45" : [

    ],
    "008F71D4-B188-46C5-90BF-096460CAA47E" : [

    ],
    "34CFDA70-2F96-429E-9D10-0D07CB9097BE" : [

    ],
    "50B3F5C3-CD68-4C27-A5C7-707D3F303522" : [

    ],
    "2510E543-1ED7-4067-9700-CF3819F9394A" : [

    ],
    "A4B28E77-A113-4747-BAFE-F4FDCFD9819A" : [

    ],
    "E1E04584-5BA4-4DDA-9472-CE3484C477E7" : [

    ]
  },
  "sceneCameraHistory" : {
    "0A984071-0FA9-413D-9879-793047519C45" : [
      {
        "date" : 711023251.89931095,
        "title" : "Untitled",
        "transform" : [
          1,
          0,
          0,
          0,
          0,
          0.86602461338043213,
          -0.50000137090682983,
          0,
          0,
          0.50000137090682983,
          0.86602461338043213,
          0,
          0.04423069953918457,
          8.7305879592895508,
          13.346830368041992,
          1
        ]
      },
      {
        "date" : 711023248.17244697,
        "title" : "Untitled",
        "transform" : [
          1,
          0,
          0,
          0,
          0,
          0.86602461338043213,
          -0.50000137090682983,
          0,
          0,
          0.50000137090682983,
          0.86602461338043213,
          0,
          0.044230695813894272,
          6.486328125,
          9.4596567153930664,
          1
        ]
      }
    ],
    "008F71D4-B188-46C5-90BF-096460CAA47E" : [
      {
        "date" : 711454461.82963705,
        "title" : "Untitled",
        "transform" : [
          -0.045879140496253967,
          -9.7315644431716919e-10,
          0.99894696474075317,
          0,
          0.99563765525817871,
          0.081330813467502594,
          0.04572715237736702,
          0,
          -0.081245154142379761,
          0.99668723344802856,
          -0.0037313874345272779,
          0,
          0.0017453648615628481,
          2.7398567199707031,
          8.0175319453701377e-05,
          1
        ]
      },
      {
        "date" : 711454430.82718503,
        "title" : "Untitled",
        "transform" : [
          -0.0017115514492616057,
          -2.7507978533902744e-11,
          0.99999850988388062,
          0,
          0.9849885106086731,
          0.1726115494966507,
          0.0016858612652868032,
          0,
          -0.1726112961769104,
          0.98499000072479248,
          -0.00029543362325057387,
          0,
          -0.25013402104377747,
          2.7284154891967773,
          -0.00042810520972125232,
          1
        ]
      },
      {
        "date" : 711454180.80890906,
        "title" : "Untitled",
        "transform" : [
          -0.0017115514492616057,
          -2.7507978533902744e-11,
          0.99999850988388062,
          0,
          0.9849885106086731,
          0.1726115494966507,
          0.0016858612652868032,
          0,
          -0.1726112961769104,
          0.98499000072479248,
          -0.00029543362325057387,
          0,
          -0.11305622011423111,
          1.2331963777542114,
          -0.00019349610374774784,
          1
        ]
      },
      {
        "date" : 711454170.82176197,
        "title" : "Untitled",
        "transform" : [
          1,
          0,
          -0,
          0,
          -0,
          0.86909961700439453,
          -0.49463716149330139,
          0,
          0,
          0.49463716149330139,
          0.86909961700439453,
          0,
          5.7915481299630756e-09,
          0.6986992359161377,
          1.0224356651306152,
          1
        ]
      },
      {
        "date" : 711215951.08845794,
        "title" : "Untitled",
        "transform" : [
          1,
          0,
          0,
          0,
          0,
          0.86909961700439453,
          -0.49463716149330139,
          0,
          0,
          0.49463716149330139,
          0.86909961700439453,
          0,
          1.9073485191256623e-06,
          1.9645706415176392,
          3.0433905124664307,
          1
        ]
      }
    ],
    "34CFDA70-2F96-429E-9D10-0D07CB9097BE" : [
      {
        "date" : 711463555.54471195,
        "title" : "Untitled",
        "transform" : [
          0.95229840278625488,
          -0.00026476019411347806,
          -0.30516844987869263,
          0,
          -0.3016851544380188,
          0.1498449295759201,
          -0.9415585994720459,
          0,
          0.045977227389812469,
          0.98870950937271118,
          0.14261721074581146,
          0,
          -1.3089306354522705,
          8.7544145584106445,
          0.17387628555297852,
          1
        ]
      },
      {
        "date" : 711463511.97796297,
        "title" : "Untitled",
        "transform" : [
          0.95229840278625488,
          -0.00026476019411347806,
          -0.30516844987869263,
          0,
          -0.3016851544380188,
          0.1498449295759201,
          -0.9415585994720459,
          0,
          0.045977227389812469,
          0.98870950937271118,
          0.14261721074581146,
          0,
          -0.46489691734313965,
          9.119654655456543,
          -2.6302886009216309,
          1
        ]
      },
      {
        "date" : 711463510.42788506,
        "title" : "Untitled",
        "transform" : [
          0.95232319831848145,
          -0.00027706086984835565,
          -0.30509114265441895,
          0,
          -0.30137333273887634,
          0.15478655695915222,
          -0.94085884094238281,
          0,
          0.047484681010246277,
          0.98794794082641602,
          0.14732332527637482,
          0,
          -0.45099243521690369,
          9.1126298904418945,
          -2.5868804454803467,
          1
        ]
      },
      {
        "date" : 711463467.21360302,
        "title" : "Untitled",
        "transform" : [
          1,
          0,
          0,
          0,
          0,
          0.7071068286895752,
          -0.70710676908493042,
          0,
          0,
          0.70710676908493042,
          0.7071068286895752,
          0,
          -0.88897961378097534,
          6.5222163200378418,
          2.5764508247375488,
          1
        ]
      },
      {
        "date" : 711463464.49047995,
        "title" : "Untitled",
        "transform" : [
          1,
          0,
          0,
          0,
          0,
          0.7071068286895752,
          -0.70710676908493042,
          0,
          0,
          0.70710676908493042,
          0.7071068286895752,
          0,
          0,
          6.1712007522583008,
          2.9274661540985107,
          1
        ]
      },
      {
        "date" : 711463244.33794701,
        "title" : "Untitled",
        "transform" : [
          1,
          0,
          0,
          0,
          0,
          0.7071068286895752,
          -0.70710676908493042,
          0,
          0,
          0.70710676908493042,
          0.7071068286895752,
          0,
          0,
          18.703161239624023,
          15.459468841552734,
          1
        ]
      },
      {
        "date" : 711463225.67789102,
        "title" : "Untitled",
        "transform" : [
          1,
          0,
          0,
          0,
          0,
          0.7071068286895752,
          -0.70710676908493042,
          0,
          0,
          0.70710676908493042,
          0.7071068286895752,
          0,
          0,
          8.9865865707397461,
          8.9865865707397461,
          1
        ]
      },
      {
        "date" : 711463221.36666095,
        "title" : "Untitled",
        "transform" : [
          1,
          3.0315108604829499e-13,
          -6.1581187765114009e-05,
          0,
          -1.8716966678766767e-06,
          0.99953800439834595,
          -0.030393961817026138,
          0,
          6.1552738770842552e-05,
          0.030393961817026138,
          0.99953800439834595,
          0,
          0.44050884246826172,
          0.58304846286773682,
          12.672295570373535,
          1
        ]
      },
      {
        "date" : 711463210.90620899,
        "title" : "Untitled",
        "transform" : [
          1,
          3.0315108604829499e-13,
          -6.1581187765114009e-05,
          0,
          -1.8716966678766767e-06,
          0.99953800439834595,
          -0.030393961817026138,
          0,
          6.1552738770842552e-05,
          0.030393961817026138,
          0.99953800439834595,
          0,
          -0.0090455980971455574,
          1.8262497186660767,
          6.2701411247253418,
          1
        ]
      },
      {
        "date" : 711463184.98998594,
        "title" : "Untitled",
        "transform" : [
          1,
          1.9256573061381815e-13,
          -6.1581195041071624e-05,
          0,
          -1.8716967815635144e-06,
          0.99953800439834595,
          -0.030393961817026138,
          0,
          6.1552746046800166e-05,
          0.030393961817026138,
          0.99953800439834595,
          0,
          -0.0090352706611156464,
          1.8241584300994873,
          6.257936954498291,
          1
        ]
      }
    ],
    "50B3F5C3-CD68-4C27-A5C7-707D3F303522" : [
      {
        "date" : 711212414.91414106,
        "title" : "Untitled",
        "transform" : [
          1,
          0,
          0,
          0,
          0,
          0.86888092756271362,
          -0.49502116441726685,
          0,
          0,
          0.49502116441726685,
          0.86888092756271362,
          0,
          -9.0130125585119458e-10,
          2.4490258693695068,
          3.9721415042877197,
          1
        ]
      },
      {
        "date" : 711212370.82596803,
        "title" : "Untitled",
        "transform" : [
          1,
          0,
          0,
          0,
          0,
          0.86888092756271362,
          -0.49502116441726685,
          0,
          0,
          0.49502116441726685,
          0.86888092756271362,
          0,
          -9.0130125585119458e-10,
          0.80975496768951416,
          1.0948317050933838,
          1
        ]
      },
      {
        "date" : 711212368.57321799,
        "title" : "Untitled",
        "transform" : [
          1,
          0,
          0,
          0,
          0,
          0.86888092756271362,
          -0.49502116441726685,
          0,
          0,
          0.49502116441726685,
          0.86888092756271362,
          0,
          1.3951732213968171e-08,
          0.80975186824798584,
          1.0948259830474854,
          1
        ]
      },
      {
        "date" : 711212365.68765199,
        "title" : "Untitled",
        "transform" : [
          1,
          0,
          0,
          0,
          0,
          0.86888092756271362,
          -0.49502116441726685,
          0,
          0,
          0.49502116441726685,
          0.86888092756271362,
          0,
          1.253103073395323e-05,
          0.80973601341247559,
          1.0946725606918335,
          1
        ]
      },
      {
        "date" : 711212328.954445,
        "title" : "Untitled",
        "transform" : [
          1,
          0,
          0,
          0,
          0,
          0.86888092756271362,
          -0.49502116441726685,
          0,
          0,
          0.49502116441726685,
          0.86888092756271362,
          0,
          0.019714994356036186,
          0.78481751680374146,
          0.85298633575439453,
          1
        ]
      },
      {
        "date" : 711212322.47298706,
        "title" : "Untitled",
        "transform" : [
          1,
          0,
          0,
          0,
          0,
          0.86888092756271362,
          -0.49502116441726685,
          0,
          0,
          0.49502116441726685,
          0.86888092756271362,
          0,
          -0.06496121734380722,
          0.71179890632629395,
          0.72482079267501831,
          1
        ]
      },
      {
        "date" : 711212286.13742697,
        "title" : "Untitled",
        "transform" : [
          1,
          0,
          0,
          0,
          0,
          0.86888092756271362,
          -0.49502116441726685,
          0,
          0,
          0.49502116441726685,
          0.86888092756271362,
          0,
          9.9014279442144471e-08,
          0.17855964601039886,
          0.29423463344573975,
          1
        ]
      },
      {
        "date" : 711212282.14886403,
        "title" : "Untitled",
        "transform" : [
          1,
          0,
          0,
          0,
          0,
          0.86888092756271362,
          -0.49502116441726685,
          0,
          0,
          0.49502116441726685,
          0.86888092756271362,
          0,
          1.0272872685845869e-07,
          0.18311400711536407,
          0.30083054304122925,
          1
        ]
      },
      {
        "date" : 711212207.26599503,
        "title" : "Untitled",
        "transform" : [
          1,
          0,
          0,
          0,
          0,
          0.86888092756271362,
          -0.49502116441726685,
          0,
          0,
          0.49502116441726685,
          0.86888092756271362,
          0,
          1.9073486328125e-06,
          2.2393035888671875,
          3.2786984443664551,
          1
        ]
      }
    ],
    "2510E543-1ED7-4067-9700-CF3819F9394A" : [
      {
        "date" : 711212081.59563005,
        "title" : "Untitled",
        "transform" : [
          1,
          0,
          0,
          0,
          0,
          0.86602532863616943,
          -0.50000011920928955,
          0,
          0,
          0.50000011920928955,
          0.86602532863616943,
          0,
          0.076025396585464478,
          1.809422492980957,
          2.4429235458374023,
          1
        ]
      },
      {
        "date" : 711211847.66992998,
        "title" : "Untitled",
        "transform" : [
          1,
          0,
          0,
          0,
          0,
          0.86602532863616943,
          -0.50000011920928955,
          0,
          0,
          0.50000011920928955,
          0.86602532863616943,
          0,
          -0.0054218471050262451,
          1.9240386486053467,
          2.3767499923706055,
          1
        ]
      },
      {
        "date" : 711211837.07550395,
        "title" : "Untitled",
        "transform" : [
          1,
          0,
          0,
          0,
          0,
          0.86602532863616943,
          -0.50000011920928955,
          0,
          0,
          0.50000011920928955,
          0.86602532863616943,
          0,
          -0.088204123079776764,
          1.4461312294006348,
          2.2329750061035156,
          1
        ]
      },
      {
        "date" : 711211755.90853405,
        "title" : "Untitled",
        "transform" : [
          1,
          0,
          0,
          0,
          0,
          0.86602532863616943,
          -0.50000011920928955,
          0,
          0,
          0.50000011920928955,
          0.86602532863616943,
          0,
          -0.01393504161387682,
          0.22846892476081848,
          0.35277944803237915,
          1
        ]
      },
      {
        "date" : 711211753.54196405,
        "title" : "Untitled",
        "transform" : [
          1,
          0,
          0,
          0,
          0,
          0.86602532863616943,
          -0.50000011920928955,
          0,
          0,
          0.50000011920928955,
          0.86602532863616943,
          0,
          0.0060546910390257835,
          0.22317904233932495,
          0.355833500623703,
          1
        ]
      },
      {
        "date" : 711211752.13942206,
        "title" : "Untitled",
        "transform" : [
          1,
          0,
          0,
          0,
          0,
          0.86602532863616943,
          -0.50000011920928955,
          0,
          0,
          0.50000011920928955,
          0.86602532863616943,
          0,
          0.0060546910390257835,
          0.28086543083190918,
          0.45574924349784851,
          1
        ]
      },
      {
        "date" : 711211739.09933102,
        "title" : "Untitled",
        "transform" : [
          1,
          0,
          0,
          0,
          0,
          0.86602532863616943,
          -0.50000011920928955,
          0,
          0,
          0.50000011920928955,
          0.86602532863616943,
          0,
          0.064562663435935974,
          2.9949376583099365,
          4.859766960144043,
          1
        ]
      },
      {
        "date" : 711211691.76651299,
        "title" : "Untitled",
        "transform" : [
          1,
          0,
          0,
          0,
          0,
          0.86602532863616943,
          -0.50000011920928955,
          0,
          0,
          0.50000011920928955,
          0.86602532863616943,
          0,
          1.1089733839035034,
          51.443145751953125,
          83.474761962890625,
          1
        ]
      },
      {
        "date" : 711211681.13715005,
        "title" : "Untitled",
        "transform" : [
          1,
          0,
          0,
          0,
          0,
          0.86602532863616943,
          -0.50000011920928955,
          0,
          0,
          0.50000011920928955,
          0.86602532863616943,
          0,
          0.001147350063547492,
          0.053223367780447006,
          0.086363457143306732,
          1
        ]
      },
      {
        "date" : 711211679.22037196,
        "title" : "Untitled",
        "transform" : [
          1,
          0,
          0,
          0,
          0,
          0.86602532863616943,
          -0.50000011920928955,
          0,
          0,
          0.50000011920928955,
          0.86602532863616943,
          0,
          0.0025117725599557161,
          0.11651630699634552,
          0.18906641006469727,
          1
        ]
      }
    ],
    "A4B28E77-A113-4747-BAFE-F4FDCFD9819A" : [
      {
        "date" : 711211974.29272401,
        "title" : "Untitled",
        "transform" : [
          0.99959242343902588,
          -1.3492477135557124e-09,
          0.028546599671244621,
          0,
          0.010493996553122997,
          0.92998033761978149,
          -0.36745947599411011,
          0,
          -0.026547776535153389,
          0.36760929226875305,
          0.92960125207901001,
          0,
          0.15949562191963196,
          2.0245685577392578,
          2.5942118167877197,
          1
        ]
      },
      {
        "date" : 711211939.571684,
        "title" : "Untitled",
        "transform" : [
          0.99959242343902588,
          -1.3492477135557124e-09,
          0.028546599671244621,
          0,
          0.010493996553122997,
          0.92998033761978149,
          -0.36745947599411011,
          0,
          -0.026547776535153389,
          0.36760929226875305,
          0.92960125207901001,
          0,
          0.023031264543533325,
          1.9912424087524414,
          2.6034936904907227,
          1
        ]
      },
      {
        "date" : 711211887.76246595,
        "title" : "Untitled",
        "transform" : [
          0.99959242343902588,
          -1.3492477135557124e-09,
          0.028546599671244621,
          0,
          0.010493996553122997,
          0.92998033761978149,
          -0.36745947599411011,
          0,
          -0.026547776535153389,
          0.36760929226875305,
          0.92960125207901001,
          0,
          -0.0055340062826871872,
          1.7147347927093506,
          3.4180285930633545,
          1
        ]
      },
      {
        "date" : 711211882.79609203,
        "title" : "Untitled",
        "transform" : [
          0.99959242343902588,
          -1.3492477135557124e-09,
          0.028546599671244621,
          0,
          0.010493996553122997,
          0.92998033761978149,
          -0.36745947599411011,
          0,
          -0.026547776535153389,
          0.36760929226875305,
          0.92960125207901001,
          0,
          -0.036533921957015991,
          3.4041261672973633,
          6.7797536849975586,
          1
        ]
      },
      {
        "date" : 711211698.870296,
        "title" : "Untitled",
        "transform" : [
          0.99959242343902588,
          -1.3492477135557124e-09,
          0.028546599671244621,
          0,
          0.010493996553122997,
          0.92998033761978149,
          -0.36745947599411011,
          0,
          -0.026547776535153389,
          0.36760929226875305,
          0.92960125207901001,
          0,
          0.091551244258880615,
          1.6305208206176758,
          2.2946982383728027,
          1
        ]
      },
      {
        "date" : 711211643.99005198,
        "title" : "Untitled",
        "transform" : [
          0.99959242343902588,
          -1.3492477135557124e-09,
          0.028546599671244621,
          0,
          0.010493996553122997,
          0.92998033761978149,
          -0.36745947599411011,
          0,
          -0.026547776535153389,
          0.36760929226875305,
          0.92960125207901001,
          0,
          -0.040950477123260498,
          1.4884757995605469,
          2.3470847606658936,
          1
        ]
      },
      {
        "date" : 711198294.40860999,
        "title" : "Untitled",
        "transform" : [
          0.99959242343902588,
          -1.3492477135557124e-09,
          0.028546599671244621,
          0,
          0.010493996553122997,
          0.92998033761978149,
          -0.36745947599411011,
          0,
          -0.026547776535153389,
          0.36760929226875305,
          0.92960125207901001,
          0,
          0.63976633548736572,
          1.6978023052215576,
          2.2837469577789307,
          1
        ]
      },
      {
        "date" : 711198270.14722395,
        "title" : "Untitled",
        "transform" : [
          0.99959242343902588,
          -1.3492477135557124e-09,
          0.028546599671244621,
          0,
          0.010493996553122997,
          0.92998033761978149,
          -0.36745947599411011,
          0,
          -0.026547776535153389,
          0.36760929226875305,
          0.92960125207901001,
          0,
          0.46392083168029785,
          1.9481725692749023,
          2.1797165870666504,
          1
        ]
      },
      {
        "date" : 711198263.38966095,
        "title" : "Untitled",
        "transform" : [
          0.99959242343902588,
          -1.3492477135557124e-09,
          0.028546599671244621,
          0,
          0.010493996553122997,
          0.92998033761978149,
          -0.36745947599411011,
          0,
          -0.026547776535153389,
          0.36760929226875305,
          0.92960125207901001,
          0,
          0.15606433153152466,
          1.6340270042419434,
          2.2951533794403076,
          1
        ]
      },
      {
        "date" : 711198247.48987901,
        "title" : "Untitled",
        "transform" : [
          0.99959242343902588,
          -1.3492477135557124e-09,
          0.028546599671244621,
          0,
          0.010493996553122997,
          0.92998033761978149,
          -0.36745947599411011,
          0,
          -0.026547776535153389,
          0.36760929226875305,
          0.92960125207901001,
          0,
          1.0742111206054688,
          7.8617401123046875,
          19.017307281494141,
          1
        ]
      }
    ],
    "A470362E-BD91-4828-BD86-09D3DD749E05" : [
      {
        "date" : 711197344.96411204,
        "title" : "Untitled",
        "transform" : [
          1,
          0,
          0,
          0,
          0,
          0.86602532863616943,
          -0.50000011920928955,
          0,
          0,
          0.50000011920928955,
          0.86602532863616943,
          0,
          -0.011628867127001286,
          11.179949760437012,
          16.257627487182617,
          1
        ]
      }
    ],
    "AF09ED6F-1707-48FD-8720-65B998362C09" : [
      {
        "date" : 710849545.52935505,
        "title" : "Untitled",
        "transform" : [
          0.99177807569503784,
          2.7594282414611371e-10,
          -0.12797009944915771,
          0,
          -0.061326395720243454,
          0.87769246101379395,
          -0.47528418898582458,
          0,
          0.11231838911771774,
          0.47922441363334656,
          0.87047600746154785,
          0,
          0.4580426812171936,
          1.9543129205703735,
          0.55864334106445312,
          1
        ]
      }
    ],
    "E1E04584-5BA4-4DDA-9472-CE3484C477E7" : [
      {
        "date" : 711197074.89577603,
        "title" : "Untitled",
        "transform" : [
          0.96950113773345947,
          -5.5097060247533136e-09,
          0.24508677423000336,
          0,
          0.071726769208908081,
          0.95621693134307861,
          -0.28373289108276367,
          0,
          -0.23435613512992859,
          0.29265862703323364,
          0.92705345153808594,
          0,
          -1.064789891242981,
          3.0566294193267822,
          2.1724326610565186,
          1
        ]
      },
      {
        "date" : 711024475.90148306,
        "title" : "Untitled",
        "transform" : [
          0.96950113773345947,
          -5.5097060247533136e-09,
          0.24508677423000336,
          0,
          0.071726769208908081,
          0.95621693134307861,
          -0.28373289108276367,
          0,
          -0.23435613512992859,
          0.29265862703323364,
          0.92705345153808594,
          0,
          -0.64425647258758545,
          1.8494288921356201,
          0.12960624694824219,
          1
        ]
      },
      {
        "date" : 711024320.32362902,
        "title" : "Untitled",
        "transform" : [
          0.96950113773345947,
          -5.5097060247533136e-09,
          0.24508677423000336,
          0,
          0.071726769208908081,
          0.95621693134307861,
          -0.28373289108276367,
          0,
          -0.23435613512992859,
          0.29265862703323364,
          0.92705345153808594,
          0,
          -0.64489877223968506,
          1.8953096866607666,
          0.114959716796875,
          1
        ]
      },
      {
        "date" : 711024313.05049598,
        "title" : "Untitled",
        "transform" : [
          0.96950113773345947,
          -5.5097060247533136e-09,
          0.24508677423000336,
          0,
          0.071726769208908081,
          0.95621693134307861,
          -0.28373289108276367,
          0,
          -0.23435613512992859,
          0.29265862703323364,
          0.92705345153808594,
          0,
          -0.79212796688079834,
          1.3075511455535889,
          0.26328849792480469,
          1
        ]
      },
      {
        "date" : 711024153.07711101,
        "title" : "Untitled",
        "transform" : [
          0.96950113773345947,
          -5.5097060247533136e-09,
          0.24508677423000336,
          0,
          0.071726769208908081,
          0.95621693134307861,
          -0.28373289108276367,
          0,
          -0.23435613512992859,
          0.29265862703323364,
          0.92705345153808594,
          0,
          -0.70456957817077637,
          2.0996263027191162,
          0.035376071929931641,
          1
        ]
      },
      {
        "date" : 711024040.454,
        "title" : "Untitled",
        "transform" : [
          0.96950113773345947,
          -5.5097060247533136e-09,
          0.24508677423000336,
          0,
          0.071726769208908081,
          0.95621693134307861,
          -0.28373289108276367,
          0,
          -0.23435613512992859,
          0.29265862703323364,
          0.92705345153808594,
          0,
          -0.22068661451339722,
          2.0294473171234131,
          0.17985367774963379,
          1
        ]
      },
      {
        "date" : 711024001.16786599,
        "title" : "Untitled",
        "transform" : [
          0.96950113773345947,
          -5.5097060247533136e-09,
          0.24508677423000336,
          0,
          0.071726769208908081,
          0.95621693134307861,
          -0.28373289108276367,
          0,
          -0.23435613512992859,
          0.29265862703323364,
          0.92705345153808594,
          0,
          -0.72724306583404541,
          2.6620266437530518,
          2.183659553527832,
          1
        ]
      },
      {
        "date" : 711023992.901389,
        "title" : "Untitled",
        "transform" : [
          0.96950113773345947,
          -5.5097060247533136e-09,
          0.24508677423000336,
          0,
          0.071726769208908081,
          0.95621693134307861,
          -0.28373289108276367,
          0,
          -0.23435613512992859,
          0.29265862703323364,
          0.92705345153808594,
          0,
          -1.4261718988418579,
          3.5732576847076416,
          1.7193088531494141,
          1
        ]
      },
      {
        "date" : 711023962.55119395,
        "title" : "Untitled",
        "transform" : [
          0.96950113773345947,
          -5.5097060247533136e-09,
          0.24508677423000336,
          0,
          0.071726769208908081,
          0.95621693134307861,
          -0.28373289108276367,
          0,
          -0.23435613512992859,
          0.29265862703323364,
          0.92705345153808594,
          0,
          -0.94501674175262451,
          3.9765119552612305,
          6.4241876602172852,
          1
        ]
      },
      {
        "date" : 711023640.52701795,
        "title" : "Untitled",
        "transform" : [
          0.96950113773345947,
          -5.5097060247533136e-09,
          0.24508677423000336,
          0,
          0.071726769208908081,
          0.95621693134307861,
          -0.28373289108276367,
          0,
          -0.23435613512992859,
          0.29265862703323364,
          0.92705345153808594,
          0,
          -2.2240433692932129,
          3.9951143264770508,
          6.0949802398681641,
          1
        ]
      }
    ]
  },
  "selectedSceneRelativePath" : "christmas_eve.usda"
}